5.000000000000000000e+00,1.225799999999999955e+03
5.000000000000000000e+00,2.431400000000000091e+03
5.000000000000000000e+00,9.080000000000000000e+02
5.000000000000000000e+00,1.112099999999999909e+03
5.000000000000000000e+00,1.102700000000000045e+03
5.000000000000000000e+00,1.529900000000000091e+03
5.000000000000000000e+00,9.592999999999999545e+02
5.000000000000000000e+00,2.218800000000000182e+03
5.000000000000000000e+00,1.589299999999999955e+03
5.000000000000000000e+00,7.547999999999999545e+02
5.000000000000000000e+00,1.315200000000000045e+03
5.000000000000000000e+00,1.598299999999999955e+03
5.000000000000000000e+00,1.064700000000000045e+03
5.000000000000000000e+00,1.262200000000000045e+03
5.000000000000000000e+00,1.158599999999999909e+03
5.000000000000000000e+00,1.237099999999999909e+03
5.000000000000000000e+00,1.302700000000000045e+03
5.000000000000000000e+00,1.403500000000000000e+03
5.000000000000000000e+00,1.399400000000000091e+03
5.000000000000000000e+00,1.095500000000000000e+03
5.569620253164557333e+00,1.007500000000000000e+03
5.569620253164557333e+00,8.065000000000000000e+02
5.569620253164557333e+00,1.254799999999999955e+03
5.569620253164557333e+00,1.104099999999999909e+03
5.569620253164557333e+00,1.071299999999999955e+03
5.569620253164557333e+00,1.312299999999999955e+03
5.569620253164557333e+00,1.707700000000000045e+03
5.569620253164557333e+00,1.578400000000000091e+03
5.569620253164557333e+00,1.487299999999999955e+03
5.569620253164557333e+00,1.883599999999999909e+03
5.569620253164557333e+00,1.376900000000000091e+03
5.569620253164557333e+00,1.328500000000000000e+03
5.569620253164557333e+00,9.107999999999999545e+02
5.569620253164557333e+00,1.287599999999999909e+03
5.569620253164557333e+00,1.312799999999999955e+03
5.569620253164557333e+00,1.960299999999999955e+03
5.569620253164557333e+00,1.068000000000000000e+03
5.569620253164557333e+00,1.079799999999999955e+03
5.569620253164557333e+00,1.489500000000000000e+03
5.569620253164557333e+00,1.329599999999999909e+03
6.139240506329113778e+00,9.347000000000000455e+02
6.139240506329113778e+00,9.237000000000000455e+02
6.139240506329113778e+00,1.033400000000000091e+03
6.139240506329113778e+00,9.146000000000000227e+02
6.139240506329113778e+00,8.002999999999999545e+02
6.139240506329113778e+00,6.483999999999999773e+02
6.139240506329113778e+00,7.602000000000000455e+02
6.139240506329113778e+00,1.154099999999999909e+03
6.139240506329113778e+00,1.134200000000000045e+03
6.139240506329113778e+00,9.568999999999999773e+02
6.139240506329113778e+00,9.213999999999999773e+02
6.139240506329113778e+00,6.927000000000000455e+02
6.139240506329113778e+00,1.061099999999999909e+03
6.139240506329113778e+00,9.423999999999999773e+02
6.139240506329113778e+00,9.410000000000000000e+02
6.139240506329113778e+00,1.116900000000000091e+03
6.139240506329113778e+00,7.777000000000000455e+02
6.139240506329113778e+00,1.298299999999999955e+03
6.139240506329113778e+00,1.104599999999999909e+03
6.139240506329113778e+00,1.341299999999999955e+03
6.708860759493671111e+00,8.213999999999999773e+02
6.708860759493671111e+00,5.938999999999999773e+02
6.708860759493671111e+00,1.627099999999999909e+03
6.708860759493671111e+00,1.063599999999999909e+03
6.708860759493671111e+00,8.001000000000000227e+02
6.708860759493671111e+00,6.890000000000000000e+02
6.708860759493671111e+00,1.154400000000000091e+03
6.708860759493671111e+00,1.266900000000000091e+03
6.708860759493671111e+00,8.547999999999999545e+02
6.708860759493671111e+00,9.617999999999999545e+02
6.708860759493671111e+00,1.175599999999999909e+03
6.708860759493671111e+00,8.145000000000000000e+02
6.708860759493671111e+00,9.967999999999999545e+02
6.708860759493671111e+00,7.555000000000000000e+02
6.708860759493671111e+00,1.258000000000000000e+03
6.708860759493671111e+00,8.752000000000000455e+02
6.708860759493671111e+00,1.618299999999999955e+03
6.708860759493671111e+00,1.163799999999999955e+03
6.708860759493671111e+00,6.241000000000000227e+02
6.708860759493671111e+00,9.023999999999999773e+02
7.278481012658227556e+00,5.598999999999999773e+02
7.278481012658227556e+00,6.993999999999999773e+02
7.278481012658227556e+00,5.912000000000000455e+02
7.278481012658227556e+00,6.282999999999999545e+02
7.278481012658227556e+00,5.671000000000000227e+02
7.278481012658227556e+00,7.293999999999999773e+02
7.278481012658227556e+00,6.502999999999999545e+02
7.278481012658227556e+00,7.442000000000000455e+02
7.278481012658227556e+00,9.401000000000000227e+02
7.278481012658227556e+00,6.067000000000000455e+02
7.278481012658227556e+00,4.815000000000000000e+02
7.278481012658227556e+00,7.767000000000000455e+02
7.278481012658227556e+00,6.402000000000000455e+02
7.278481012658227556e+00,9.192000000000000455e+02
7.278481012658227556e+00,6.621000000000000227e+02
7.278481012658227556e+00,7.997000000000000455e+02
7.278481012658227556e+00,7.490000000000000000e+02
7.278481012658227556e+00,1.214700000000000045e+03
7.278481012658227556e+00,5.952999999999999545e+02
7.278481012658227556e+00,7.292000000000000455e+02
7.848101265822784889e+00,5.997999999999999545e+02
7.848101265822784889e+00,8.842000000000000455e+02
7.848101265822784889e+00,5.026999999999999886e+02
7.848101265822784889e+00,4.563999999999999773e+02
7.848101265822784889e+00,3.863999999999999773e+02
7.848101265822784889e+00,7.757999999999999545e+02
7.848101265822784889e+00,5.040000000000000000e+02
7.848101265822784889e+00,4.758999999999999773e+02
7.848101265822784889e+00,5.880000000000000000e+02
7.848101265822784889e+00,1.253099999999999909e+03
7.848101265822784889e+00,5.601000000000000227e+02
7.848101265822784889e+00,4.311000000000000227e+02
7.848101265822784889e+00,7.273999999999999773e+02
7.848101265822784889e+00,8.832999999999999545e+02
7.848101265822784889e+00,6.798999999999999773e+02
7.848101265822784889e+00,6.768999999999999773e+02
7.848101265822784889e+00,6.062999999999999545e+02
7.848101265822784889e+00,6.125000000000000000e+02
7.848101265822784889e+00,1.000700000000000045e+03
7.848101265822784889e+00,4.133000000000000114e+02
8.417721518987342222e+00,5.328999999999999773e+02
8.417721518987342222e+00,5.776000000000000227e+02
8.417721518987342222e+00,7.131000000000000227e+02
8.417721518987342222e+00,6.515000000000000000e+02
8.417721518987342222e+00,7.893999999999999773e+02
8.417721518987342222e+00,7.807999999999999545e+02
8.417721518987342222e+00,5.587000000000000455e+02
8.417721518987342222e+00,7.275000000000000000e+02
8.417721518987342222e+00,5.228999999999999773e+02
8.417721518987342222e+00,6.591000000000000227e+02
8.417721518987342222e+00,3.328000000000000114e+02
8.417721518987342222e+00,6.082999999999999545e+02
8.417721518987342222e+00,4.788000000000000114e+02
8.417721518987342222e+00,4.048000000000000114e+02
8.417721518987342222e+00,3.746999999999999886e+02
8.417721518987342222e+00,4.096000000000000227e+02
8.417721518987342222e+00,4.783000000000000114e+02
8.417721518987342222e+00,6.417999999999999545e+02
8.417721518987342222e+00,7.062000000000000455e+02
8.417721518987342222e+00,3.090000000000000000e+02
8.987341772151898667e+00,5.758999999999999773e+02
8.987341772151898667e+00,5.595000000000000000e+02
8.987341772151898667e+00,5.342000000000000455e+02
8.987341772151898667e+00,3.416000000000000227e+02
8.987341772151898667e+00,6.997000000000000455e+02
8.987341772151898667e+00,4.155000000000000000e+02
8.987341772151898667e+00,5.625000000000000000e+02
8.987341772151898667e+00,5.127000000000000455e+02
8.987341772151898667e+00,3.621000000000000227e+02
8.987341772151898667e+00,4.321000000000000227e+02
8.987341772151898667e+00,8.733999999999999773e+02
8.987341772151898667e+00,4.505000000000000000e+02
8.987341772151898667e+00,6.932999999999999545e+02
8.987341772151898667e+00,3.946000000000000227e+02
8.987341772151898667e+00,3.508999999999999773e+02
8.987341772151898667e+00,4.248000000000000114e+02
8.987341772151898667e+00,5.685000000000000000e+02
8.987341772151898667e+00,2.701000000000000227e+02
8.987341772151898667e+00,5.912999999999999545e+02
8.987341772151898667e+00,5.727000000000000455e+02
9.556962025316455112e+00,3.511000000000000227e+02
9.556962025316455112e+00,3.526000000000000227e+02
9.556962025316455112e+00,4.801000000000000227e+02
9.556962025316455112e+00,4.175000000000000000e+02
9.556962025316455112e+00,3.251999999999999886e+02
9.556962025316455112e+00,2.756000000000000227e+02
9.556962025316455112e+00,3.136000000000000227e+02
9.556962025316455112e+00,3.605000000000000000e+02
9.556962025316455112e+00,7.836000000000000227e+02
9.556962025316455112e+00,2.971999999999999886e+02
9.556962025316455112e+00,3.246999999999999886e+02
9.556962025316455112e+00,1.331400000000000091e+03
9.556962025316455112e+00,6.057999999999999545e+02
9.556962025316455112e+00,7.275000000000000000e+02
9.556962025316455112e+00,4.113000000000000114e+02
9.556962025316455112e+00,4.711999999999999886e+02
9.556962025316455112e+00,4.165000000000000000e+02
9.556962025316455112e+00,3.006999999999999886e+02
9.556962025316455112e+00,2.903999999999999773e+02
9.556962025316455112e+00,2.848999999999999773e+02
1.012658227848101333e+01,5.412000000000000455e+02
1.012658227848101333e+01,4.578000000000000114e+02
1.012658227848101333e+01,3.875000000000000000e+02
1.012658227848101333e+01,2.808000000000000114e+02
1.012658227848101333e+01,4.880000000000000000e+02
1.012658227848101333e+01,3.298000000000000114e+02
1.012658227848101333e+01,2.895000000000000000e+02
1.012658227848101333e+01,3.996999999999999886e+02
1.012658227848101333e+01,6.878999999999999773e+02
1.012658227848101333e+01,3.728000000000000114e+02
1.012658227848101333e+01,4.565000000000000000e+02
1.012658227848101333e+01,6.943999999999999773e+02
1.012658227848101333e+01,6.328999999999999773e+02
1.012658227848101333e+01,4.935000000000000000e+02
1.012658227848101333e+01,2.430999999999999943e+02
1.012658227848101333e+01,3.863000000000000114e+02
1.012658227848101333e+01,8.653999999999999773e+02
1.012658227848101333e+01,2.818999999999999773e+02
1.012658227848101333e+01,2.318000000000000114e+02
1.012658227848101333e+01,2.886999999999999886e+02
1.069620253164556978e+01,3.556999999999999886e+02
1.069620253164556978e+01,3.481999999999999886e+02
1.069620253164556978e+01,3.061000000000000227e+02
1.069620253164556978e+01,3.355000000000000000e+02
1.069620253164556978e+01,6.966000000000000227e+02
1.069620253164556978e+01,3.718999999999999773e+02
1.069620253164556978e+01,3.028000000000000114e+02
1.069620253164556978e+01,3.348000000000000114e+02
1.069620253164556978e+01,3.621000000000000227e+02
1.069620253164556978e+01,2.910000000000000000e+02
1.069620253164556978e+01,3.170000000000000000e+02
1.069620253164556978e+01,7.511000000000000227e+02
1.069620253164556978e+01,2.951000000000000227e+02
1.069620253164556978e+01,4.390000000000000000e+02
1.069620253164556978e+01,3.030000000000000000e+02
1.069620253164556978e+01,2.646999999999999886e+02
1.069620253164556978e+01,5.658999999999999773e+02
1.069620253164556978e+01,3.371999999999999886e+02
1.069620253164556978e+01,2.545000000000000000e+02
1.069620253164556978e+01,3.318999999999999773e+02
1.126582278481012622e+01,2.688000000000000114e+02
1.126582278481012622e+01,2.196999999999999886e+02
1.126582278481012622e+01,2.139000000000000057e+02
1.126582278481012622e+01,3.046999999999999886e+02
1.126582278481012622e+01,2.160999999999999943e+02
1.126582278481012622e+01,5.613999999999999773e+02
1.126582278481012622e+01,2.728999999999999773e+02
1.126582278481012622e+01,4.553999999999999773e+02
1.126582278481012622e+01,6.748999999999999773e+02
1.126582278481012622e+01,4.788000000000000114e+02
1.126582278481012622e+01,4.486999999999999886e+02
1.126582278481012622e+01,2.479000000000000057e+02
1.126582278481012622e+01,4.038999999999999773e+02
1.126582278481012622e+01,6.038999999999999773e+02
1.126582278481012622e+01,3.606999999999999886e+02
1.126582278481012622e+01,3.003999999999999773e+02
1.126582278481012622e+01,2.496999999999999886e+02
1.126582278481012622e+01,4.076000000000000227e+02
1.126582278481012622e+01,2.793000000000000114e+02
1.126582278481012622e+01,5.036000000000000227e+02
1.183544303797468444e+01,4.046999999999999886e+02
1.183544303797468444e+01,2.366999999999999886e+02
1.183544303797468444e+01,3.781000000000000227e+02
1.183544303797468444e+01,2.790000000000000000e+02
1.183544303797468444e+01,4.501999999999999886e+02
1.183544303797468444e+01,2.893000000000000114e+02
1.183544303797468444e+01,5.316000000000000227e+02
1.183544303797468444e+01,3.753999999999999773e+02
1.183544303797468444e+01,2.940000000000000000e+02
1.183544303797468444e+01,3.906000000000000227e+02
1.183544303797468444e+01,2.389000000000000057e+02
1.183544303797468444e+01,3.696000000000000227e+02
1.183544303797468444e+01,3.886000000000000227e+02
1.183544303797468444e+01,5.456000000000000227e+02
1.183544303797468444e+01,2.346999999999999886e+02
1.183544303797468444e+01,3.433999999999999773e+02
1.183544303797468444e+01,3.683000000000000114e+02
1.183544303797468444e+01,4.103000000000000114e+02
1.183544303797468444e+01,3.850000000000000000e+02
1.183544303797468444e+01,2.119000000000000057e+02
1.240506329113924089e+01,3.483999999999999773e+02
1.240506329113924089e+01,2.465999999999999943e+02
1.240506329113924089e+01,2.444000000000000057e+02
1.240506329113924089e+01,4.533999999999999773e+02
1.240506329113924089e+01,3.471999999999999886e+02
1.240506329113924089e+01,2.621999999999999886e+02
1.240506329113924089e+01,3.278999999999999773e+02
1.240506329113924089e+01,2.110000000000000000e+02
1.240506329113924089e+01,5.575000000000000000e+02
1.240506329113924089e+01,3.770000000000000000e+02
1.240506329113924089e+01,3.611000000000000227e+02
1.240506329113924089e+01,3.163999999999999773e+02
1.240506329113924089e+01,3.023999999999999773e+02
1.240506329113924089e+01,3.843999999999999773e+02
1.240506329113924089e+01,3.123000000000000114e+02
1.240506329113924089e+01,2.625000000000000000e+02
1.240506329113924089e+01,2.975000000000000000e+02
1.240506329113924089e+01,5.453999999999999773e+02
1.240506329113924089e+01,2.346999999999999886e+02
1.240506329113924089e+01,2.835000000000000000e+02
1.297468354430379733e+01,2.501999999999999886e+02
1.297468354430379733e+01,3.773000000000000114e+02
1.297468354430379733e+01,2.731999999999999886e+02
1.297468354430379733e+01,4.663999999999999773e+02
1.297468354430379733e+01,3.578000000000000114e+02
1.297468354430379733e+01,2.581000000000000227e+02
1.297468354430379733e+01,3.036000000000000227e+02
1.297468354430379733e+01,4.431000000000000227e+02
1.297468354430379733e+01,3.628999999999999773e+02
1.297468354430379733e+01,5.295000000000000000e+02
1.297468354430379733e+01,2.953000000000000114e+02
1.297468354430379733e+01,2.728999999999999773e+02
1.297468354430379733e+01,3.201999999999999886e+02
1.297468354430379733e+01,2.983999999999999773e+02
1.297468354430379733e+01,3.293999999999999773e+02
1.297468354430379733e+01,3.413999999999999773e+02
1.297468354430379733e+01,2.683999999999999773e+02
1.297468354430379733e+01,3.458000000000000114e+02
1.297468354430379733e+01,2.923999999999999773e+02
1.297468354430379733e+01,3.950000000000000000e+02
1.354430379746835555e+01,2.923999999999999773e+02
1.354430379746835555e+01,5.587000000000000455e+02
1.354430379746835555e+01,3.530000000000000000e+02
1.354430379746835555e+01,4.513999999999999773e+02
1.354430379746835555e+01,2.336999999999999886e+02
1.354430379746835555e+01,2.335999999999999943e+02
1.354430379746835555e+01,4.373999999999999773e+02
1.354430379746835555e+01,3.008000000000000114e+02
1.354430379746835555e+01,2.494000000000000057e+02
1.354430379746835555e+01,2.368000000000000114e+02
1.354430379746835555e+01,3.108000000000000114e+02
1.354430379746835555e+01,2.153000000000000114e+02
1.354430379746835555e+01,3.628000000000000114e+02
1.354430379746835555e+01,2.285999999999999943e+02
1.354430379746835555e+01,2.578999999999999773e+02
1.354430379746835555e+01,2.731999999999999886e+02
1.354430379746835555e+01,1.946999999999999886e+02
1.354430379746835555e+01,2.203000000000000114e+02
1.354430379746835555e+01,4.783999999999999773e+02
1.354430379746835555e+01,2.460999999999999943e+02
1.411392405063291200e+01,2.573000000000000114e+02
1.411392405063291200e+01,2.300000000000000000e+02
1.411392405063291200e+01,4.903999999999999773e+02
1.411392405063291200e+01,2.858000000000000114e+02
1.411392405063291200e+01,3.576999999999999886e+02
1.411392405063291200e+01,2.733000000000000114e+02
1.411392405063291200e+01,2.256999999999999886e+02
1.411392405063291200e+01,3.505000000000000000e+02
1.411392405063291200e+01,2.628999999999999773e+02
1.411392405063291200e+01,3.718000000000000114e+02
1.411392405063291200e+01,3.691999999999999886e+02
1.411392405063291200e+01,2.201999999999999886e+02
1.411392405063291200e+01,7.473999999999999773e+02
1.411392405063291200e+01,2.235000000000000000e+02
1.411392405063291200e+01,3.975000000000000000e+02
1.411392405063291200e+01,2.648000000000000114e+02
1.411392405063291200e+01,2.870000000000000000e+02
1.411392405063291200e+01,2.593999999999999773e+02
1.411392405063291200e+01,2.524000000000000057e+02
1.411392405063291200e+01,3.221999999999999886e+02
1.468354430379746844e+01,2.435000000000000000e+02
1.468354430379746844e+01,1.919000000000000057e+02
1.468354430379746844e+01,2.156999999999999886e+02
1.468354430379746844e+01,2.480999999999999943e+02
1.468354430379746844e+01,1.953000000000000114e+02
1.468354430379746844e+01,3.091999999999999886e+02
1.468354430379746844e+01,2.516999999999999886e+02
1.468354430379746844e+01,2.241999999999999886e+02
1.468354430379746844e+01,2.024000000000000057e+02
1.468354430379746844e+01,3.871000000000000227e+02
1.468354430379746844e+01,4.813999999999999773e+02
1.468354430379746844e+01,2.851000000000000227e+02
1.468354430379746844e+01,2.174000000000000057e+02
1.468354430379746844e+01,3.245000000000000000e+02
1.468354430379746844e+01,3.241999999999999886e+02
1.468354430379746844e+01,2.248000000000000114e+02
1.468354430379746844e+01,4.978999999999999773e+02
1.468354430379746844e+01,2.821000000000000227e+02
1.468354430379746844e+01,3.331000000000000227e+02
1.468354430379746844e+01,2.573999999999999773e+02
1.525316455696202667e+01,3.118000000000000114e+02
1.525316455696202667e+01,2.903000000000000114e+02
1.525316455696202667e+01,3.326000000000000227e+02
1.525316455696202667e+01,4.375000000000000000e+02
1.525316455696202667e+01,1.998000000000000114e+02
1.525316455696202667e+01,2.753000000000000114e+02
1.525316455696202667e+01,2.480999999999999943e+02
1.525316455696202667e+01,2.668000000000000114e+02
1.525316455696202667e+01,2.124000000000000057e+02
1.525316455696202667e+01,3.376999999999999886e+02
1.525316455696202667e+01,3.838000000000000114e+02
1.525316455696202667e+01,2.231999999999999886e+02
1.525316455696202667e+01,2.450000000000000000e+02
1.525316455696202667e+01,2.928999999999999773e+02
1.525316455696202667e+01,2.798999999999999773e+02
1.525316455696202667e+01,2.691000000000000227e+02
1.525316455696202667e+01,3.005000000000000000e+02
1.525316455696202667e+01,2.289000000000000057e+02
1.525316455696202667e+01,2.701000000000000227e+02
1.525316455696202667e+01,2.059000000000000057e+02
1.582278481012658311e+01,2.173000000000000114e+02
1.582278481012658311e+01,3.528000000000000114e+02
1.582278481012658311e+01,2.379000000000000057e+02
1.582278481012658311e+01,3.163999999999999773e+02
1.582278481012658311e+01,2.898000000000000114e+02
1.582278481012658311e+01,2.998000000000000114e+02
1.582278481012658311e+01,2.354000000000000057e+02
1.582278481012658311e+01,3.460000000000000000e+02
1.582278481012658311e+01,2.941000000000000227e+02
1.582278481012658311e+01,2.956000000000000227e+02
1.582278481012658311e+01,3.610000000000000000e+02
1.582278481012658311e+01,3.065000000000000000e+02
1.582278481012658311e+01,4.303999999999999773e+02
1.582278481012658311e+01,3.888000000000000114e+02
1.582278481012658311e+01,3.616000000000000227e+02
1.582278481012658311e+01,2.129000000000000057e+02
1.582278481012658311e+01,2.035000000000000000e+02
1.582278481012658311e+01,3.625000000000000000e+02
1.582278481012658311e+01,2.459000000000000057e+02
1.582278481012658311e+01,3.281000000000000227e+02
1.639240506329113956e+01,3.353999999999999773e+02
1.639240506329113956e+01,2.838999999999999773e+02
1.639240506329113956e+01,3.045000000000000000e+02
1.639240506329113956e+01,2.861999999999999886e+02
1.639240506329113956e+01,2.786999999999999886e+02
1.639240506329113956e+01,3.336999999999999886e+02
1.639240506329113956e+01,3.915000000000000000e+02
1.639240506329113956e+01,3.658999999999999773e+02
1.639240506329113956e+01,2.504000000000000057e+02
1.639240506329113956e+01,4.488999999999999773e+02
1.639240506329113956e+01,2.728999999999999773e+02
1.639240506329113956e+01,2.364000000000000057e+02
1.639240506329113956e+01,2.931999999999999886e+02
1.639240506329113956e+01,2.846000000000000227e+02
1.639240506329113956e+01,2.004000000000000057e+02
1.639240506329113956e+01,2.846999999999999886e+02
1.639240506329113956e+01,2.281999999999999886e+02
1.639240506329113956e+01,2.089000000000000057e+02
1.639240506329113956e+01,2.925000000000000000e+02
1.639240506329113956e+01,1.693000000000000114e+02
1.696202531645569778e+01,2.140999999999999943e+02
1.696202531645569778e+01,2.381999999999999886e+02
1.696202531645569778e+01,2.390000000000000000e+02
1.696202531645569778e+01,2.651000000000000227e+02
1.696202531645569778e+01,2.968999999999999773e+02
1.696202531645569778e+01,3.128000000000000114e+02
1.696202531645569778e+01,2.289000000000000057e+02
1.696202531645569778e+01,1.990000000000000000e+02
1.696202531645569778e+01,2.973999999999999773e+02
1.696202531645569778e+01,3.210000000000000000e+02
1.696202531645569778e+01,3.125000000000000000e+02
1.696202531645569778e+01,2.229000000000000057e+02
1.696202531645569778e+01,3.328999999999999773e+02
1.696202531645569778e+01,3.175000000000000000e+02
1.696202531645569778e+01,2.240000000000000000e+02
1.696202531645569778e+01,2.540000000000000000e+02
1.696202531645569778e+01,2.668999999999999773e+02
1.696202531645569778e+01,2.253000000000000114e+02
1.696202531645569778e+01,3.603000000000000114e+02
1.696202531645569778e+01,2.706999999999999886e+02
1.753164556962025245e+01,2.713000000000000114e+02
1.753164556962025245e+01,2.768000000000000114e+02
1.753164556962025245e+01,3.321999999999999886e+02
1.753164556962025245e+01,1.950999999999999943e+02
1.753164556962025245e+01,2.538000000000000114e+02
1.753164556962025245e+01,2.475999999999999943e+02
1.753164556962025245e+01,3.106000000000000227e+02
1.753164556962025245e+01,2.743999999999999773e+02
1.753164556962025245e+01,3.018999999999999773e+02
1.753164556962025245e+01,1.851999999999999886e+02
1.753164556962025245e+01,2.029000000000000057e+02
1.753164556962025245e+01,2.200000000000000000e+02
1.753164556962025245e+01,2.856000000000000227e+02
1.753164556962025245e+01,2.765000000000000000e+02
1.753164556962025245e+01,3.138000000000000114e+02
1.753164556962025245e+01,2.170000000000000000e+02
1.753164556962025245e+01,5.100000000000000000e+02
1.753164556962025245e+01,1.995000000000000000e+02
1.753164556962025245e+01,2.830000000000000000e+02
1.753164556962025245e+01,2.983000000000000114e+02
1.810126582278481067e+01,2.125999999999999943e+02
1.810126582278481067e+01,2.279000000000000057e+02
1.810126582278481067e+01,3.261999999999999886e+02
1.810126582278481067e+01,3.038000000000000114e+02
1.810126582278481067e+01,2.883000000000000114e+02
1.810126582278481067e+01,2.583999999999999773e+02
1.810126582278481067e+01,4.093000000000000114e+02
1.810126582278481067e+01,2.360999999999999943e+02
1.810126582278481067e+01,3.226000000000000227e+02
1.810126582278481067e+01,2.506999999999999886e+02
1.810126582278481067e+01,2.753999999999999773e+02
1.810126582278481067e+01,2.513000000000000114e+02
1.810126582278481067e+01,2.731999999999999886e+02
1.810126582278481067e+01,2.616999999999999886e+02
1.810126582278481067e+01,1.829000000000000057e+02
1.810126582278481067e+01,2.680000000000000000e+02
1.810126582278481067e+01,2.370000000000000000e+02
1.810126582278481067e+01,3.421000000000000227e+02
1.810126582278481067e+01,2.134000000000000057e+02
1.810126582278481067e+01,3.058999999999999773e+02
1.867088607594936889e+01,2.186999999999999886e+02
1.867088607594936889e+01,1.763000000000000114e+02
1.867088607594936889e+01,3.708999999999999773e+02
1.867088607594936889e+01,4.671999999999999886e+02
1.867088607594936889e+01,2.090999999999999943e+02
1.867088607594936889e+01,1.921999999999999886e+02
1.867088607594936889e+01,2.173000000000000114e+02
1.867088607594936889e+01,2.388000000000000114e+02
1.867088607594936889e+01,2.828999999999999773e+02
1.867088607594936889e+01,2.345000000000000000e+02
1.867088607594936889e+01,2.025999999999999943e+02
1.867088607594936889e+01,2.740000000000000000e+02
1.867088607594936889e+01,1.915999999999999943e+02
1.867088607594936889e+01,2.251999999999999886e+02
1.867088607594936889e+01,2.710000000000000000e+02
1.867088607594936889e+01,2.785000000000000000e+02
1.867088607594936889e+01,2.435999999999999943e+02
1.867088607594936889e+01,3.253999999999999773e+02
1.867088607594936889e+01,2.445000000000000000e+02
1.867088607594936889e+01,3.443000000000000114e+02
1.924050632911392711e+01,3.243000000000000114e+02
1.924050632911392711e+01,2.916000000000000227e+02
1.924050632911392711e+01,2.751000000000000227e+02
1.924050632911392711e+01,2.580000000000000000e+02
1.924050632911392711e+01,3.313999999999999773e+02
1.924050632911392711e+01,2.013000000000000114e+02
1.924050632911392711e+01,3.973999999999999773e+02
1.924050632911392711e+01,2.060000000000000000e+02
1.924050632911392711e+01,2.720000000000000000e+02
1.924050632911392711e+01,1.938000000000000114e+02
1.924050632911392711e+01,1.843000000000000114e+02
1.924050632911392711e+01,2.933000000000000114e+02
1.924050632911392711e+01,2.790000000000000000e+02
1.924050632911392711e+01,2.204000000000000057e+02
1.924050632911392711e+01,3.001000000000000227e+02
1.924050632911392711e+01,2.916000000000000227e+02
1.924050632911392711e+01,3.203999999999999773e+02
1.924050632911392711e+01,2.425999999999999943e+02
1.924050632911392711e+01,1.931999999999999886e+02
1.924050632911392711e+01,2.863000000000000114e+02
1.981012658227848178e+01,3.078999999999999773e+02
1.981012658227848178e+01,2.490000000000000000e+02
1.981012658227848178e+01,2.705000000000000000e+02
1.981012658227848178e+01,2.680000000000000000e+02
1.981012658227848178e+01,2.455999999999999943e+02
1.981012658227848178e+01,1.929000000000000057e+02
1.981012658227848178e+01,2.851999999999999886e+02
1.981012658227848178e+01,2.490999999999999943e+02
1.981012658227848178e+01,2.445999999999999943e+02
1.981012658227848178e+01,3.178000000000000114e+02
1.981012658227848178e+01,1.900999999999999943e+02
1.981012658227848178e+01,2.260000000000000000e+02
1.981012658227848178e+01,3.036999999999999886e+02
1.981012658227848178e+01,2.593000000000000114e+02
1.981012658227848178e+01,1.834000000000000057e+02
1.981012658227848178e+01,1.643000000000000114e+02
1.981012658227848178e+01,3.088999999999999773e+02
1.981012658227848178e+01,2.094000000000000057e+02
1.981012658227848178e+01,2.346999999999999886e+02
1.981012658227848178e+01,1.964000000000000057e+02
2.037974683544303645e+01,2.921000000000000227e+02
2.037974683544303645e+01,1.938000000000000114e+02
2.037974683544303645e+01,2.406999999999999886e+02
2.037974683544303645e+01,2.504000000000000057e+02
2.037974683544303645e+01,2.048000000000000114e+02
2.037974683544303645e+01,2.988999999999999773e+02
2.037974683544303645e+01,3.311999999999999886e+02
2.037974683544303645e+01,1.991999999999999886e+02
2.037974683544303645e+01,3.133000000000000114e+02
2.037974683544303645e+01,2.583000000000000114e+02
2.037974683544303645e+01,2.073000000000000114e+02
2.037974683544303645e+01,2.354000000000000057e+02
2.037974683544303645e+01,2.024000000000000057e+02
2.037974683544303645e+01,2.565000000000000000e+02
2.037974683544303645e+01,3.056999999999999886e+02
2.037974683544303645e+01,2.263000000000000114e+02
2.037974683544303645e+01,1.871999999999999886e+02
2.037974683544303645e+01,2.141999999999999886e+02
2.037974683544303645e+01,2.369000000000000057e+02
2.037974683544303645e+01,2.606000000000000227e+02
2.094936708860759467e+01,2.438000000000000114e+02
2.094936708860759467e+01,1.794000000000000057e+02
2.094936708860759467e+01,2.981999999999999886e+02
2.094936708860759467e+01,2.601999999999999886e+02
2.094936708860759467e+01,2.423000000000000114e+02
2.094936708860759467e+01,1.955000000000000000e+02
2.094936708860759467e+01,2.005000000000000000e+02
2.094936708860759467e+01,2.245000000000000000e+02
2.094936708860759467e+01,2.245999999999999943e+02
2.094936708860759467e+01,2.205000000000000000e+02
2.094936708860759467e+01,2.175999999999999943e+02
2.094936708860759467e+01,2.970000000000000000e+02
2.094936708860759467e+01,1.954000000000000057e+02
2.094936708860759467e+01,3.465000000000000000e+02
2.094936708860759467e+01,2.325000000000000000e+02
2.094936708860759467e+01,4.216000000000000227e+02
2.094936708860759467e+01,2.419000000000000057e+02
2.094936708860759467e+01,2.618000000000000114e+02
2.094936708860759467e+01,1.845999999999999943e+02
2.094936708860759467e+01,2.070999999999999943e+02
2.151898734177215289e+01,2.746000000000000227e+02
2.151898734177215289e+01,3.528000000000000114e+02
2.151898734177215289e+01,2.180999999999999943e+02
2.151898734177215289e+01,2.061999999999999886e+02
2.151898734177215289e+01,2.623000000000000114e+02
2.151898734177215289e+01,2.046999999999999886e+02
2.151898734177215289e+01,2.510000000000000000e+02
2.151898734177215289e+01,1.990999999999999943e+02
2.151898734177215289e+01,1.840999999999999943e+02
2.151898734177215289e+01,2.013000000000000114e+02
2.151898734177215289e+01,3.125000000000000000e+02
2.151898734177215289e+01,1.914000000000000057e+02
2.151898734177215289e+01,2.055999999999999943e+02
2.151898734177215289e+01,2.863000000000000114e+02
2.151898734177215289e+01,2.030999999999999943e+02
2.151898734177215289e+01,2.245999999999999943e+02
2.151898734177215289e+01,3.483000000000000114e+02
2.151898734177215289e+01,3.216999999999999886e+02
2.151898734177215289e+01,2.816000000000000227e+02
2.151898734177215289e+01,2.678999999999999773e+02
2.208860759493671111e+01,2.615000000000000000e+02
2.208860759493671111e+01,2.354000000000000057e+02
2.208860759493671111e+01,2.455000000000000000e+02
2.208860759493671111e+01,2.661999999999999886e+02
2.208860759493671111e+01,2.356999999999999886e+02
2.208860759493671111e+01,2.843000000000000114e+02
2.208860759493671111e+01,2.294000000000000057e+02
2.208860759493671111e+01,2.254000000000000057e+02
2.208860759493671111e+01,2.295999999999999943e+02
2.208860759493671111e+01,2.544000000000000057e+02
2.208860759493671111e+01,2.519000000000000057e+02
2.208860759493671111e+01,1.949000000000000057e+02
2.208860759493671111e+01,3.215000000000000000e+02
2.208860759493671111e+01,2.581000000000000227e+02
2.208860759493671111e+01,2.515999999999999943e+02
2.208860759493671111e+01,2.005999999999999943e+02
2.208860759493671111e+01,3.071999999999999886e+02
2.208860759493671111e+01,2.030999999999999943e+02
2.208860759493671111e+01,1.865999999999999943e+02
2.208860759493671111e+01,2.144000000000000057e+02
2.265822784810126578e+01,2.239000000000000057e+02
2.265822784810126578e+01,2.344000000000000057e+02
2.265822784810126578e+01,2.054000000000000057e+02
2.265822784810126578e+01,2.090999999999999943e+02
2.265822784810126578e+01,1.918000000000000114e+02
2.265822784810126578e+01,2.548000000000000114e+02
2.265822784810126578e+01,2.533000000000000114e+02
2.265822784810126578e+01,1.819000000000000057e+02
2.265822784810126578e+01,2.161999999999999886e+02
2.265822784810126578e+01,1.823000000000000114e+02
2.265822784810126578e+01,2.365999999999999943e+02
2.265822784810126578e+01,2.405999999999999943e+02
2.265822784810126578e+01,2.166999999999999886e+02
2.265822784810126578e+01,2.831000000000000227e+02
2.265822784810126578e+01,2.425000000000000000e+02
2.265822784810126578e+01,2.563999999999999773e+02
2.265822784810126578e+01,2.131999999999999886e+02
2.265822784810126578e+01,2.193000000000000114e+02
2.265822784810126578e+01,1.744000000000000057e+02
2.265822784810126578e+01,2.240000000000000000e+02
2.322784810126582400e+01,1.944000000000000057e+02
2.322784810126582400e+01,2.243000000000000114e+02
2.322784810126582400e+01,1.765999999999999943e+02
2.322784810126582400e+01,2.708999999999999773e+02
2.322784810126582400e+01,2.138000000000000114e+02
2.322784810126582400e+01,3.168000000000000114e+02
2.322784810126582400e+01,2.533000000000000114e+02
2.322784810126582400e+01,2.385000000000000000e+02
2.322784810126582400e+01,2.201999999999999886e+02
2.322784810126582400e+01,2.723999999999999773e+02
2.322784810126582400e+01,1.871999999999999886e+02
2.322784810126582400e+01,2.613999999999999773e+02
2.322784810126582400e+01,2.830000000000000000e+02
2.322784810126582400e+01,1.928000000000000114e+02
2.322784810126582400e+01,1.921999999999999886e+02
2.322784810126582400e+01,1.780999999999999943e+02
2.322784810126582400e+01,2.388000000000000114e+02
2.322784810126582400e+01,2.295999999999999943e+02
2.322784810126582400e+01,2.593999999999999773e+02
2.322784810126582400e+01,2.298000000000000114e+02
2.379746835443038222e+01,2.133000000000000114e+02
2.379746835443038222e+01,1.820999999999999943e+02
2.379746835443038222e+01,2.836999999999999886e+02
2.379746835443038222e+01,2.661000000000000227e+02
2.379746835443038222e+01,2.015999999999999943e+02
2.379746835443038222e+01,2.751000000000000227e+02
2.379746835443038222e+01,2.184000000000000057e+02
2.379746835443038222e+01,2.648000000000000114e+02
2.379746835443038222e+01,2.105000000000000000e+02
2.379746835443038222e+01,3.065000000000000000e+02
2.379746835443038222e+01,2.461999999999999886e+02
2.379746835443038222e+01,2.034000000000000057e+02
2.379746835443038222e+01,2.339000000000000057e+02
2.379746835443038222e+01,2.585000000000000000e+02
2.379746835443038222e+01,2.420999999999999943e+02
2.379746835443038222e+01,2.773999999999999773e+02
2.379746835443038222e+01,2.413000000000000114e+02
2.379746835443038222e+01,2.210000000000000000e+02
2.379746835443038222e+01,2.355999999999999943e+02
2.379746835443038222e+01,1.748000000000000114e+02
2.436708860759493689e+01,2.395999999999999943e+02
2.436708860759493689e+01,2.648000000000000114e+02
2.436708860759493689e+01,2.563999999999999773e+02
2.436708860759493689e+01,2.008000000000000114e+02
2.436708860759493689e+01,2.029000000000000057e+02
2.436708860759493689e+01,3.833000000000000114e+02
2.436708860759493689e+01,2.224000000000000057e+02
2.436708860759493689e+01,2.700000000000000000e+02
2.436708860759493689e+01,2.190999999999999943e+02
2.436708860759493689e+01,2.161999999999999886e+02
2.436708860759493689e+01,2.196999999999999886e+02
2.436708860759493689e+01,2.876000000000000227e+02
2.436708860759493689e+01,2.234000000000000057e+02
2.436708860759493689e+01,2.258000000000000114e+02
2.436708860759493689e+01,2.169000000000000057e+02
2.436708860759493689e+01,2.540999999999999943e+02
2.436708860759493689e+01,2.475000000000000000e+02
2.436708860759493689e+01,2.213000000000000114e+02
2.436708860759493689e+01,1.780000000000000000e+02
2.436708860759493689e+01,2.559000000000000057e+02
2.493670886075949511e+01,2.443000000000000114e+02
2.493670886075949511e+01,2.246999999999999886e+02
2.493670886075949511e+01,1.815000000000000000e+02
2.493670886075949511e+01,3.063999999999999773e+02
2.493670886075949511e+01,2.653999999999999773e+02
2.493670886075949511e+01,2.040999999999999943e+02
2.493670886075949511e+01,3.096999999999999886e+02
2.493670886075949511e+01,2.169000000000000057e+02
2.493670886075949511e+01,2.315000000000000000e+02
2.493670886075949511e+01,2.130999999999999943e+02
2.493670886075949511e+01,2.445000000000000000e+02
2.493670886075949511e+01,2.288000000000000114e+02
2.493670886075949511e+01,2.165000000000000000e+02
2.493670886075949511e+01,2.024000000000000057e+02
2.493670886075949511e+01,1.939000000000000057e+02
2.493670886075949511e+01,1.886999999999999886e+02
2.493670886075949511e+01,2.188000000000000114e+02
2.493670886075949511e+01,2.813000000000000114e+02
2.493670886075949511e+01,2.530999999999999943e+02
2.493670886075949511e+01,1.973000000000000114e+02
2.550632911392405333e+01,2.208000000000000114e+02
2.550632911392405333e+01,2.245000000000000000e+02
2.550632911392405333e+01,2.906999999999999886e+02
2.550632911392405333e+01,2.871000000000000227e+02
2.550632911392405333e+01,2.029000000000000057e+02
2.550632911392405333e+01,1.701999999999999886e+02
2.550632911392405333e+01,2.069000000000000057e+02
2.550632911392405333e+01,2.518000000000000114e+02
2.550632911392405333e+01,2.295999999999999943e+02
2.550632911392405333e+01,2.821999999999999886e+02
2.550632911392405333e+01,1.820000000000000000e+02
2.550632911392405333e+01,1.928000000000000114e+02
2.550632911392405333e+01,2.193000000000000114e+02
2.550632911392405333e+01,2.758999999999999773e+02
2.550632911392405333e+01,2.226999999999999886e+02
2.550632911392405333e+01,1.790999999999999943e+02
2.550632911392405333e+01,1.863000000000000114e+02
2.550632911392405333e+01,2.060000000000000000e+02
2.550632911392405333e+01,2.120999999999999943e+02
2.550632911392405333e+01,2.530999999999999943e+02
2.607594936708860800e+01,1.953000000000000114e+02
2.607594936708860800e+01,2.785000000000000000e+02
2.607594936708860800e+01,1.848000000000000114e+02
2.607594936708860800e+01,2.174000000000000057e+02
2.607594936708860800e+01,2.075000000000000000e+02
2.607594936708860800e+01,2.535000000000000000e+02
2.607594936708860800e+01,2.340000000000000000e+02
2.607594936708860800e+01,2.380000000000000000e+02
2.607594936708860800e+01,2.228000000000000114e+02
2.607594936708860800e+01,1.990000000000000000e+02
2.607594936708860800e+01,2.069000000000000057e+02
2.607594936708860800e+01,2.353000000000000114e+02
2.607594936708860800e+01,2.080000000000000000e+02
2.607594936708860800e+01,2.231999999999999886e+02
2.607594936708860800e+01,2.428000000000000114e+02
2.607594936708860800e+01,2.111999999999999886e+02
2.607594936708860800e+01,2.626000000000000227e+02
2.607594936708860800e+01,2.235000000000000000e+02
2.607594936708860800e+01,2.300000000000000000e+02
2.607594936708860800e+01,2.340999999999999943e+02
2.664556962025316622e+01,2.266999999999999886e+02
2.664556962025316622e+01,2.419000000000000057e+02
2.664556962025316622e+01,2.069000000000000057e+02
2.664556962025316622e+01,1.790000000000000000e+02
2.664556962025316622e+01,2.125000000000000000e+02
2.664556962025316622e+01,2.284000000000000057e+02
2.664556962025316622e+01,2.236999999999999886e+02
2.664556962025316622e+01,2.064000000000000057e+02
2.664556962025316622e+01,2.065999999999999943e+02
2.664556962025316622e+01,3.021999999999999886e+02
2.664556962025316622e+01,2.354000000000000057e+02
2.664556962025316622e+01,1.875000000000000000e+02
2.664556962025316622e+01,2.251999999999999886e+02
2.664556962025316622e+01,3.641000000000000227e+02
2.664556962025316622e+01,2.396999999999999886e+02
2.664556962025316622e+01,2.253000000000000114e+02
2.664556962025316622e+01,2.160999999999999943e+02
2.664556962025316622e+01,2.726999999999999886e+02
2.664556962025316622e+01,2.195000000000000000e+02
2.664556962025316622e+01,1.995000000000000000e+02
2.721518987341772444e+01,2.461999999999999886e+02
2.721518987341772444e+01,1.860999999999999943e+02
2.721518987341772444e+01,2.091999999999999886e+02
2.721518987341772444e+01,2.130000000000000000e+02
2.721518987341772444e+01,1.931999999999999886e+02
2.721518987341772444e+01,1.776999999999999886e+02
2.721518987341772444e+01,2.470000000000000000e+02
2.721518987341772444e+01,1.930999999999999943e+02
2.721518987341772444e+01,1.805000000000000000e+02
2.721518987341772444e+01,1.905000000000000000e+02
2.721518987341772444e+01,1.844000000000000057e+02
2.721518987341772444e+01,2.013000000000000114e+02
2.721518987341772444e+01,2.673999999999999773e+02
2.721518987341772444e+01,2.319000000000000057e+02
2.721518987341772444e+01,1.856999999999999886e+02
2.721518987341772444e+01,1.810000000000000000e+02
2.721518987341772444e+01,1.803000000000000114e+02
2.721518987341772444e+01,1.780000000000000000e+02
2.721518987341772444e+01,1.796999999999999886e+02
2.721518987341772444e+01,2.121999999999999886e+02
2.778481012658227911e+01,1.700000000000000000e+02
2.778481012658227911e+01,1.760999999999999943e+02
2.778481012658227911e+01,2.078000000000000114e+02
2.778481012658227911e+01,2.206999999999999886e+02
2.778481012658227911e+01,1.745000000000000000e+02
2.778481012658227911e+01,2.236999999999999886e+02
2.778481012658227911e+01,2.099000000000000057e+02
2.778481012658227911e+01,2.241999999999999886e+02
2.778481012658227911e+01,2.035000000000000000e+02
2.778481012658227911e+01,2.270999999999999943e+02
2.778481012658227911e+01,2.080000000000000000e+02
2.778481012658227911e+01,1.870000000000000000e+02
2.778481012658227911e+01,1.858000000000000114e+02
2.778481012658227911e+01,2.205000000000000000e+02
2.778481012658227911e+01,2.276999999999999886e+02
2.778481012658227911e+01,1.725000000000000000e+02
2.778481012658227911e+01,2.103000000000000114e+02
2.778481012658227911e+01,2.219000000000000057e+02
2.778481012658227911e+01,2.251999999999999886e+02
2.778481012658227911e+01,2.121999999999999886e+02
2.835443037974683733e+01,2.138000000000000114e+02
2.835443037974683733e+01,2.781000000000000227e+02
2.835443037974683733e+01,2.118000000000000114e+02
2.835443037974683733e+01,1.985000000000000000e+02
2.835443037974683733e+01,2.013000000000000114e+02
2.835443037974683733e+01,2.149000000000000057e+02
2.835443037974683733e+01,2.186999999999999886e+02
2.835443037974683733e+01,2.070999999999999943e+02
2.835443037974683733e+01,2.030999999999999943e+02
2.835443037974683733e+01,1.806999999999999886e+02
2.835443037974683733e+01,2.320000000000000000e+02
2.835443037974683733e+01,1.875000000000000000e+02
2.835443037974683733e+01,2.075000000000000000e+02
2.835443037974683733e+01,2.174000000000000057e+02
2.835443037974683733e+01,1.651999999999999886e+02
2.835443037974683733e+01,2.215000000000000000e+02
2.835443037974683733e+01,1.808000000000000114e+02
2.835443037974683733e+01,1.800999999999999943e+02
2.835443037974683733e+01,2.485000000000000000e+02
2.835443037974683733e+01,1.851999999999999886e+02
2.892405063291139555e+01,2.494000000000000057e+02
2.892405063291139555e+01,2.425999999999999943e+02
2.892405063291139555e+01,1.809000000000000057e+02
2.892405063291139555e+01,1.883000000000000114e+02
2.892405063291139555e+01,2.148000000000000114e+02
2.892405063291139555e+01,1.675999999999999943e+02
2.892405063291139555e+01,2.069000000000000057e+02
2.892405063291139555e+01,2.060999999999999943e+02
2.892405063291139555e+01,2.030999999999999943e+02
2.892405063291139555e+01,2.798999999999999773e+02
2.892405063291139555e+01,1.835000000000000000e+02
2.892405063291139555e+01,2.151999999999999886e+02
2.892405063291139555e+01,1.853000000000000114e+02
2.892405063291139555e+01,1.830000000000000000e+02
2.892405063291139555e+01,2.029000000000000057e+02
2.892405063291139555e+01,1.910999999999999943e+02
2.892405063291139555e+01,2.219000000000000057e+02
2.892405063291139555e+01,2.078000000000000114e+02
2.892405063291139555e+01,1.995000000000000000e+02
2.892405063291139555e+01,1.920000000000000000e+02
2.949367088607595022e+01,1.928000000000000114e+02
2.949367088607595022e+01,1.795000000000000000e+02
2.949367088607595022e+01,2.015999999999999943e+02
2.949367088607595022e+01,1.850000000000000000e+02
2.949367088607595022e+01,2.066999999999999886e+02
2.949367088607595022e+01,1.848000000000000114e+02
2.949367088607595022e+01,1.770000000000000000e+02
2.949367088607595022e+01,1.915000000000000000e+02
2.949367088607595022e+01,1.689000000000000057e+02
2.949367088607595022e+01,2.035000000000000000e+02
2.949367088607595022e+01,1.635999999999999943e+02
2.949367088607595022e+01,2.006999999999999886e+02
2.949367088607595022e+01,1.939000000000000057e+02
2.949367088607595022e+01,2.346999999999999886e+02
2.949367088607595022e+01,1.810999999999999943e+02
2.949367088607595022e+01,2.205000000000000000e+02
2.949367088607595022e+01,1.996999999999999886e+02
2.949367088607595022e+01,1.844000000000000057e+02
2.949367088607595022e+01,1.879000000000000057e+02
2.949367088607595022e+01,2.315999999999999943e+02
3.006329113924050844e+01,1.803000000000000114e+02
3.006329113924050844e+01,2.119000000000000057e+02
3.006329113924050844e+01,2.300000000000000000e+02
3.006329113924050844e+01,1.779000000000000057e+02
3.006329113924050844e+01,2.065999999999999943e+02
3.006329113924050844e+01,1.985000000000000000e+02
3.006329113924050844e+01,1.850000000000000000e+02
3.006329113924050844e+01,2.294000000000000057e+02
3.006329113924050844e+01,2.280999999999999943e+02
3.006329113924050844e+01,2.078000000000000114e+02
3.006329113924050844e+01,2.315000000000000000e+02
3.006329113924050844e+01,1.893000000000000114e+02
3.006329113924050844e+01,1.705999999999999943e+02
3.006329113924050844e+01,1.675999999999999943e+02
3.006329113924050844e+01,1.948000000000000114e+02
3.006329113924050844e+01,1.931999999999999886e+02
3.006329113924050844e+01,1.785999999999999943e+02
3.006329113924050844e+01,1.980000000000000000e+02
3.006329113924050844e+01,1.980000000000000000e+02
3.006329113924050844e+01,2.603000000000000114e+02
3.063291139240506666e+01,2.658000000000000114e+02
3.063291139240506666e+01,2.134000000000000057e+02
3.063291139240506666e+01,1.960999999999999943e+02
3.063291139240506666e+01,2.170000000000000000e+02
3.063291139240506666e+01,1.898000000000000114e+02
3.063291139240506666e+01,2.130999999999999943e+02
3.063291139240506666e+01,1.926999999999999886e+02
3.063291139240506666e+01,2.270000000000000000e+02
3.063291139240506666e+01,1.668000000000000114e+02
3.063291139240506666e+01,2.088000000000000114e+02
3.063291139240506666e+01,1.981999999999999886e+02
3.063291139240506666e+01,1.770000000000000000e+02
3.063291139240506666e+01,2.384000000000000057e+02
3.063291139240506666e+01,1.855000000000000000e+02
3.063291139240506666e+01,2.596999999999999886e+02
3.063291139240506666e+01,2.201999999999999886e+02
3.063291139240506666e+01,1.595000000000000000e+02
3.063291139240506666e+01,1.806999999999999886e+02
3.063291139240506666e+01,1.910000000000000000e+02
3.063291139240506666e+01,1.850999999999999943e+02
3.120253164556962133e+01,1.600000000000000000e+02
3.120253164556962133e+01,1.885000000000000000e+02
3.120253164556962133e+01,1.738000000000000114e+02
3.120253164556962133e+01,2.291999999999999886e+02
3.120253164556962133e+01,1.989000000000000057e+02
3.120253164556962133e+01,2.058000000000000114e+02
3.120253164556962133e+01,1.924000000000000057e+02
3.120253164556962133e+01,2.330999999999999943e+02
3.120253164556962133e+01,2.381999999999999886e+02
3.120253164556962133e+01,1.839000000000000057e+02
3.120253164556962133e+01,1.930000000000000000e+02
3.120253164556962133e+01,1.735999999999999943e+02
3.120253164556962133e+01,2.045000000000000000e+02
3.120253164556962133e+01,2.149000000000000057e+02
3.120253164556962133e+01,2.355000000000000000e+02
3.120253164556962133e+01,1.993000000000000114e+02
3.120253164556962133e+01,1.919000000000000057e+02
3.120253164556962133e+01,2.195000000000000000e+02
3.120253164556962133e+01,2.023000000000000114e+02
3.120253164556962133e+01,1.940000000000000000e+02
3.177215189873417955e+01,1.930999999999999943e+02
3.177215189873417955e+01,1.834000000000000057e+02
3.177215189873417955e+01,2.083000000000000114e+02
3.177215189873417955e+01,2.126999999999999886e+02
3.177215189873417955e+01,1.883000000000000114e+02
3.177215189873417955e+01,1.994000000000000057e+02
3.177215189873417955e+01,1.878000000000000114e+02
3.177215189873417955e+01,1.816999999999999886e+02
3.177215189873417955e+01,1.898000000000000114e+02
3.177215189873417955e+01,2.170999999999999943e+02
3.177215189873417955e+01,2.199000000000000057e+02
3.177215189873417955e+01,1.495999999999999943e+02
3.177215189873417955e+01,2.250999999999999943e+02
3.177215189873417955e+01,1.940999999999999943e+02
3.177215189873417955e+01,1.703000000000000114e+02
3.177215189873417955e+01,1.873000000000000114e+02
3.177215189873417955e+01,1.688000000000000114e+02
3.177215189873417955e+01,2.056999999999999886e+02
3.177215189873417955e+01,2.204000000000000057e+02
3.177215189873417955e+01,2.241999999999999886e+02
3.234177215189873777e+01,2.378000000000000114e+02
3.234177215189873777e+01,2.788999999999999773e+02
3.234177215189873777e+01,1.645999999999999943e+02
3.234177215189873777e+01,1.634000000000000057e+02
3.234177215189873777e+01,1.993000000000000114e+02
3.234177215189873777e+01,1.871999999999999886e+02
3.234177215189873777e+01,1.739000000000000057e+02
3.234177215189873777e+01,2.006999999999999886e+02
3.234177215189873777e+01,1.756999999999999886e+02
3.234177215189873777e+01,2.820000000000000000e+02
3.234177215189873777e+01,1.725999999999999943e+02
3.234177215189873777e+01,1.970999999999999943e+02
3.234177215189873777e+01,1.923000000000000114e+02
3.234177215189873777e+01,1.968000000000000114e+02
3.234177215189873777e+01,2.030000000000000000e+02
3.234177215189873777e+01,2.038000000000000114e+02
3.234177215189873777e+01,1.856999999999999886e+02
3.234177215189873777e+01,1.870999999999999943e+02
3.234177215189873777e+01,1.778000000000000114e+02
3.234177215189873777e+01,1.845999999999999943e+02
3.291139240506329600e+01,1.876999999999999886e+02
3.291139240506329600e+01,2.023000000000000114e+02
3.291139240506329600e+01,2.446999999999999886e+02
3.291139240506329600e+01,1.860999999999999943e+02
3.291139240506329600e+01,1.790000000000000000e+02
3.291139240506329600e+01,1.649000000000000057e+02
3.291139240506329600e+01,1.896999999999999886e+02
3.291139240506329600e+01,1.776999999999999886e+02
3.291139240506329600e+01,1.766999999999999886e+02
3.291139240506329600e+01,1.740999999999999943e+02
3.291139240506329600e+01,1.839000000000000057e+02
3.291139240506329600e+01,2.110000000000000000e+02
3.291139240506329600e+01,1.799000000000000057e+02
3.291139240506329600e+01,1.921999999999999886e+02
3.291139240506329600e+01,2.404000000000000057e+02
3.291139240506329600e+01,1.848000000000000114e+02
3.291139240506329600e+01,1.605000000000000000e+02
3.291139240506329600e+01,2.165000000000000000e+02
3.291139240506329600e+01,2.070999999999999943e+02
3.291139240506329600e+01,2.103000000000000114e+02
3.348101265822785422e+01,2.055999999999999943e+02
3.348101265822785422e+01,2.264000000000000057e+02
3.348101265822785422e+01,1.754000000000000057e+02
3.348101265822785422e+01,2.498000000000000114e+02
3.348101265822785422e+01,2.031999999999999886e+02
3.348101265822785422e+01,1.909000000000000057e+02
3.348101265822785422e+01,1.876999999999999886e+02
3.348101265822785422e+01,1.865999999999999943e+02
3.348101265822785422e+01,2.075999999999999943e+02
3.348101265822785422e+01,1.678000000000000114e+02
3.348101265822785422e+01,1.725000000000000000e+02
3.348101265822785422e+01,1.498000000000000114e+02
3.348101265822785422e+01,1.799000000000000057e+02
3.348101265822785422e+01,1.705999999999999943e+02
3.348101265822785422e+01,2.148000000000000114e+02
3.348101265822785422e+01,1.995999999999999943e+02
3.348101265822785422e+01,2.611000000000000227e+02
3.348101265822785422e+01,2.476999999999999886e+02
3.348101265822785422e+01,1.783000000000000114e+02
3.348101265822785422e+01,2.020000000000000000e+02
3.405063291139240533e+01,2.058000000000000114e+02
3.405063291139240533e+01,2.329000000000000057e+02
3.405063291139240533e+01,1.794000000000000057e+02
3.405063291139240533e+01,1.883000000000000114e+02
3.405063291139240533e+01,1.975000000000000000e+02
3.405063291139240533e+01,1.716999999999999886e+02
3.405063291139240533e+01,1.979000000000000057e+02
3.405063291139240533e+01,2.678999999999999773e+02
3.405063291139240533e+01,1.828000000000000114e+02
3.405063291139240533e+01,2.190000000000000000e+02
3.405063291139240533e+01,1.730000000000000000e+02
3.405063291139240533e+01,1.786999999999999886e+02
3.405063291139240533e+01,1.745000000000000000e+02
3.405063291139240533e+01,2.300999999999999943e+02
3.405063291139240533e+01,1.770000000000000000e+02
3.405063291139240533e+01,1.750000000000000000e+02
3.405063291139240533e+01,1.836999999999999886e+02
3.405063291139240533e+01,1.975000000000000000e+02
3.405063291139240533e+01,2.441999999999999886e+02
3.405063291139240533e+01,1.729000000000000057e+02
3.462025316455696355e+01,1.795000000000000000e+02
3.462025316455696355e+01,2.219000000000000057e+02
3.462025316455696355e+01,1.789000000000000057e+02
3.462025316455696355e+01,1.760000000000000000e+02
3.462025316455696355e+01,1.904000000000000057e+02
3.462025316455696355e+01,1.839000000000000057e+02
3.462025316455696355e+01,2.666000000000000227e+02
3.462025316455696355e+01,2.160000000000000000e+02
3.462025316455696355e+01,1.959000000000000057e+02
3.462025316455696355e+01,1.954000000000000057e+02
3.462025316455696355e+01,2.065999999999999943e+02
3.462025316455696355e+01,2.230000000000000000e+02
3.462025316455696355e+01,2.035000000000000000e+02
3.462025316455696355e+01,1.890999999999999943e+02
3.462025316455696355e+01,1.881999999999999886e+02
3.462025316455696355e+01,1.700000000000000000e+02
3.462025316455696355e+01,1.795000000000000000e+02
3.462025316455696355e+01,2.286999999999999886e+02
3.462025316455696355e+01,1.645999999999999943e+02
3.462025316455696355e+01,1.811999999999999886e+02
3.518987341772152178e+01,2.140000000000000000e+02
3.518987341772152178e+01,2.214000000000000057e+02
3.518987341772152178e+01,1.818000000000000114e+02
3.518987341772152178e+01,1.585999999999999943e+02
3.518987341772152178e+01,2.066999999999999886e+02
3.518987341772152178e+01,1.895000000000000000e+02
3.518987341772152178e+01,2.004000000000000057e+02
3.518987341772152178e+01,1.965000000000000000e+02
3.518987341772152178e+01,1.929000000000000057e+02
3.518987341772152178e+01,2.171999999999999886e+02
3.518987341772152178e+01,2.115999999999999943e+02
3.518987341772152178e+01,1.631999999999999886e+02
3.518987341772152178e+01,1.933000000000000114e+02
3.518987341772152178e+01,1.801999999999999886e+02
3.518987341772152178e+01,1.850999999999999943e+02
3.518987341772152178e+01,1.889000000000000057e+02
3.518987341772152178e+01,1.911999999999999886e+02
3.518987341772152178e+01,1.786999999999999886e+02
3.518987341772152178e+01,1.698000000000000114e+02
3.518987341772152178e+01,1.895999999999999943e+02
3.575949367088607289e+01,1.896999999999999886e+02
3.575949367088607289e+01,1.755999999999999943e+02
3.575949367088607289e+01,2.108000000000000114e+02
3.575949367088607289e+01,1.813000000000000114e+02
3.575949367088607289e+01,2.209000000000000057e+02
3.575949367088607289e+01,1.631999999999999886e+02
3.575949367088607289e+01,1.933000000000000114e+02
3.575949367088607289e+01,1.896999999999999886e+02
3.575949367088607289e+01,1.648000000000000114e+02
3.575949367088607289e+01,2.033000000000000114e+02
3.575949367088607289e+01,1.760000000000000000e+02
3.575949367088607289e+01,2.660000000000000000e+02
3.575949367088607289e+01,1.700000000000000000e+02
3.575949367088607289e+01,1.875999999999999943e+02
3.575949367088607289e+01,1.893000000000000114e+02
3.575949367088607289e+01,1.645000000000000000e+02
3.575949367088607289e+01,1.721999999999999886e+02
3.575949367088607289e+01,1.989000000000000057e+02
3.575949367088607289e+01,1.765999999999999943e+02
3.575949367088607289e+01,1.709000000000000057e+02
3.632911392405063111e+01,1.768000000000000114e+02
3.632911392405063111e+01,2.053000000000000114e+02
3.632911392405063111e+01,1.770999999999999943e+02
3.632911392405063111e+01,1.595999999999999943e+02
3.632911392405063111e+01,1.668000000000000114e+02
3.632911392405063111e+01,1.875999999999999943e+02
3.632911392405063111e+01,2.261999999999999886e+02
3.632911392405063111e+01,1.656999999999999886e+02
3.632911392405063111e+01,2.339000000000000057e+02
3.632911392405063111e+01,1.544000000000000057e+02
3.632911392405063111e+01,1.778000000000000114e+02
3.632911392405063111e+01,2.100999999999999943e+02
3.632911392405063111e+01,2.326999999999999886e+02
3.632911392405063111e+01,2.596999999999999886e+02
3.632911392405063111e+01,1.835999999999999943e+02
3.632911392405063111e+01,2.021999999999999886e+02
3.632911392405063111e+01,1.575000000000000000e+02
3.632911392405063111e+01,1.869000000000000057e+02
3.632911392405063111e+01,1.768000000000000114e+02
3.632911392405063111e+01,1.811999999999999886e+02
3.689873417721518933e+01,2.001999999999999886e+02
3.689873417721518933e+01,2.000999999999999943e+02
3.689873417721518933e+01,1.868000000000000114e+02
3.689873417721518933e+01,2.516999999999999886e+02
3.689873417721518933e+01,2.114000000000000057e+02
3.689873417721518933e+01,1.568000000000000114e+02
3.689873417721518933e+01,1.845000000000000000e+02
3.689873417721518933e+01,1.945999999999999943e+02
3.689873417721518933e+01,1.920000000000000000e+02
3.689873417721518933e+01,1.711999999999999886e+02
3.689873417721518933e+01,1.753000000000000114e+02
3.689873417721518933e+01,3.136999999999999886e+02
3.689873417721518933e+01,1.950999999999999943e+02
3.689873417721518933e+01,1.650000000000000000e+02
3.689873417721518933e+01,1.799000000000000057e+02
3.689873417721518933e+01,1.858000000000000114e+02
3.689873417721518933e+01,1.936999999999999886e+02
3.689873417721518933e+01,1.720999999999999943e+02
3.689873417721518933e+01,2.436999999999999886e+02
3.689873417721518933e+01,2.538000000000000114e+02
3.746835443037974755e+01,1.848000000000000114e+02
3.746835443037974755e+01,1.600000000000000000e+02
3.746835443037974755e+01,2.520000000000000000e+02
3.746835443037974755e+01,1.734000000000000057e+02
3.746835443037974755e+01,1.816999999999999886e+02
3.746835443037974755e+01,1.740999999999999943e+02
3.746835443037974755e+01,1.840000000000000000e+02
3.746835443037974755e+01,2.025000000000000000e+02
3.746835443037974755e+01,2.138000000000000114e+02
3.746835443037974755e+01,2.060999999999999943e+02
3.746835443037974755e+01,1.855000000000000000e+02
3.746835443037974755e+01,1.729000000000000057e+02
3.746835443037974755e+01,1.835999999999999943e+02
3.746835443037974755e+01,1.953000000000000114e+02
3.746835443037974755e+01,2.176999999999999886e+02
3.746835443037974755e+01,2.185000000000000000e+02
3.746835443037974755e+01,1.803000000000000114e+02
3.746835443037974755e+01,3.073999999999999773e+02
3.746835443037974755e+01,1.865000000000000000e+02
3.746835443037974755e+01,2.089000000000000057e+02
3.803797468354430578e+01,1.960999999999999943e+02
3.803797468354430578e+01,1.909000000000000057e+02
3.803797468354430578e+01,2.096999999999999886e+02
3.803797468354430578e+01,1.814000000000000057e+02
3.803797468354430578e+01,1.564000000000000057e+02
3.803797468354430578e+01,1.668000000000000114e+02
3.803797468354430578e+01,1.886999999999999886e+02
3.803797468354430578e+01,1.651999999999999886e+02
3.803797468354430578e+01,3.118999999999999773e+02
3.803797468354430578e+01,2.341999999999999886e+02
3.803797468354430578e+01,1.725999999999999943e+02
3.803797468354430578e+01,2.350000000000000000e+02
3.803797468354430578e+01,1.621999999999999886e+02
3.803797468354430578e+01,1.724000000000000057e+02
3.803797468354430578e+01,2.300999999999999943e+02
3.803797468354430578e+01,2.220000000000000000e+02
3.803797468354430578e+01,1.618000000000000114e+02
3.803797468354430578e+01,1.900999999999999943e+02
3.803797468354430578e+01,1.685000000000000000e+02
3.803797468354430578e+01,2.475999999999999943e+02
3.860759493670886400e+01,2.430999999999999943e+02
3.860759493670886400e+01,1.935000000000000000e+02
3.860759493670886400e+01,1.681999999999999886e+02
3.860759493670886400e+01,1.651999999999999886e+02
3.860759493670886400e+01,1.800000000000000000e+02
3.860759493670886400e+01,2.148000000000000114e+02
3.860759493670886400e+01,1.698000000000000114e+02
3.860759493670886400e+01,1.680000000000000000e+02
3.860759493670886400e+01,1.795999999999999943e+02
3.860759493670886400e+01,1.820999999999999943e+02
3.860759493670886400e+01,1.945999999999999943e+02
3.860759493670886400e+01,1.866999999999999886e+02
3.860759493670886400e+01,1.640000000000000000e+02
3.860759493670886400e+01,2.530000000000000000e+02
3.860759493670886400e+01,1.985999999999999943e+02
3.860759493670886400e+01,1.979000000000000057e+02
3.860759493670886400e+01,1.805999999999999943e+02
3.860759493670886400e+01,1.695999999999999943e+02
3.860759493670886400e+01,2.000000000000000000e+02
3.860759493670886400e+01,2.320999999999999943e+02
3.917721518987342222e+01,2.209000000000000057e+02
3.917721518987342222e+01,2.231999999999999886e+02
3.917721518987342222e+01,1.734000000000000057e+02
3.917721518987342222e+01,2.773000000000000114e+02
3.917721518987342222e+01,1.665999999999999943e+02
3.917721518987342222e+01,1.759000000000000057e+02
3.917721518987342222e+01,1.800999999999999943e+02
3.917721518987342222e+01,1.580999999999999943e+02
3.917721518987342222e+01,2.181999999999999886e+02
3.917721518987342222e+01,1.710000000000000000e+02
3.917721518987342222e+01,1.760000000000000000e+02
3.917721518987342222e+01,1.693000000000000114e+02
3.917721518987342222e+01,1.575000000000000000e+02
3.917721518987342222e+01,2.109000000000000057e+02
3.917721518987342222e+01,2.116999999999999886e+02
3.917721518987342222e+01,1.660000000000000000e+02
3.917721518987342222e+01,1.653000000000000114e+02
3.917721518987342222e+01,2.368000000000000114e+02
3.917721518987342222e+01,2.741000000000000227e+02
3.917721518987342222e+01,2.086999999999999886e+02
3.974683544303798044e+01,1.776999999999999886e+02
3.974683544303798044e+01,1.561999999999999886e+02
3.974683544303798044e+01,1.736999999999999886e+02
3.974683544303798044e+01,2.561999999999999886e+02
3.974683544303798044e+01,2.500000000000000000e+02
3.974683544303798044e+01,1.556999999999999886e+02
3.974683544303798044e+01,1.730000000000000000e+02
3.974683544303798044e+01,1.771999999999999886e+02
3.974683544303798044e+01,2.265000000000000000e+02
3.974683544303798044e+01,2.111999999999999886e+02
3.974683544303798044e+01,1.624000000000000057e+02
3.974683544303798044e+01,2.460000000000000000e+02
3.974683544303798044e+01,1.750999999999999943e+02
3.974683544303798044e+01,1.855999999999999943e+02
3.974683544303798044e+01,1.529000000000000057e+02
3.974683544303798044e+01,1.715000000000000000e+02
3.974683544303798044e+01,1.651999999999999886e+02
3.974683544303798044e+01,1.834000000000000057e+02
3.974683544303798044e+01,2.375999999999999943e+02
3.974683544303798044e+01,1.780000000000000000e+02
4.031645569620253156e+01,1.678000000000000114e+02
4.031645569620253156e+01,1.659000000000000057e+02
4.031645569620253156e+01,2.810000000000000000e+02
4.031645569620253156e+01,1.646999999999999886e+02
4.031645569620253156e+01,2.578000000000000114e+02
4.031645569620253156e+01,1.999000000000000057e+02
4.031645569620253156e+01,1.686999999999999886e+02
4.031645569620253156e+01,1.725999999999999943e+02
4.031645569620253156e+01,1.636999999999999886e+02
4.031645569620253156e+01,1.805000000000000000e+02
4.031645569620253156e+01,1.550999999999999943e+02
4.031645569620253156e+01,1.573000000000000114e+02
4.031645569620253156e+01,1.685000000000000000e+02
4.031645569620253156e+01,1.796999999999999886e+02
4.031645569620253156e+01,2.134000000000000057e+02
4.031645569620253156e+01,2.551999999999999886e+02
4.031645569620253156e+01,2.183000000000000114e+02
4.031645569620253156e+01,1.705999999999999943e+02
4.031645569620253156e+01,2.005999999999999943e+02
4.031645569620253156e+01,1.555000000000000000e+02
4.088607594936708978e+01,2.163000000000000114e+02
4.088607594936708978e+01,1.585999999999999943e+02
4.088607594936708978e+01,2.470000000000000000e+02
4.088607594936708978e+01,3.061999999999999886e+02
4.088607594936708978e+01,1.631999999999999886e+02
4.088607594936708978e+01,1.540999999999999943e+02
4.088607594936708978e+01,1.599000000000000057e+02
4.088607594936708978e+01,1.820999999999999943e+02
4.088607594936708978e+01,2.415000000000000000e+02
4.088607594936708978e+01,2.258000000000000114e+02
4.088607594936708978e+01,1.680999999999999943e+02
4.088607594936708978e+01,1.691999999999999886e+02
4.088607594936708978e+01,1.546999999999999886e+02
4.088607594936708978e+01,1.689000000000000057e+02
4.088607594936708978e+01,1.665999999999999943e+02
4.088607594936708978e+01,1.825999999999999943e+02
4.088607594936708978e+01,1.933000000000000114e+02
4.088607594936708978e+01,1.726999999999999886e+02
4.088607594936708978e+01,1.690000000000000000e+02
4.088607594936708978e+01,1.799000000000000057e+02
4.145569620253164800e+01,1.800000000000000000e+02
4.145569620253164800e+01,1.828000000000000114e+02
4.145569620253164800e+01,1.660000000000000000e+02
4.145569620253164800e+01,2.289000000000000057e+02
4.145569620253164800e+01,1.618000000000000114e+02
4.145569620253164800e+01,1.686999999999999886e+02
4.145569620253164800e+01,1.876999999999999886e+02
4.145569620253164800e+01,1.716999999999999886e+02
4.145569620253164800e+01,1.761999999999999886e+02
4.145569620253164800e+01,1.554000000000000057e+02
4.145569620253164800e+01,1.653000000000000114e+02
4.145569620253164800e+01,1.754000000000000057e+02
4.145569620253164800e+01,1.630000000000000000e+02
4.145569620253164800e+01,1.550999999999999943e+02
4.145569620253164800e+01,2.029000000000000057e+02
4.145569620253164800e+01,1.545000000000000000e+02
4.145569620253164800e+01,2.400000000000000000e+02
4.145569620253164800e+01,1.603000000000000114e+02
4.145569620253164800e+01,1.813000000000000114e+02
4.145569620253164800e+01,1.601999999999999886e+02
4.202531645569620622e+01,1.979000000000000057e+02
4.202531645569620622e+01,1.950999999999999943e+02
4.202531645569620622e+01,3.191999999999999886e+02
4.202531645569620622e+01,1.745999999999999943e+02
4.202531645569620622e+01,1.506999999999999886e+02
4.202531645569620622e+01,1.690999999999999943e+02
4.202531645569620622e+01,1.585000000000000000e+02
4.202531645569620622e+01,3.116000000000000227e+02
4.202531645569620622e+01,2.310000000000000000e+02
4.202531645569620622e+01,2.400000000000000000e+02
4.202531645569620622e+01,2.080999999999999943e+02
4.202531645569620622e+01,1.683000000000000114e+02
4.202531645569620622e+01,1.610999999999999943e+02
4.202531645569620622e+01,1.643000000000000114e+02
4.202531645569620622e+01,2.145999999999999943e+02
4.202531645569620622e+01,1.700000000000000000e+02
4.202531645569620622e+01,1.780000000000000000e+02
4.202531645569620622e+01,1.584000000000000057e+02
4.202531645569620622e+01,2.266999999999999886e+02
4.202531645569620622e+01,1.708000000000000114e+02
4.259493670886076444e+01,1.698000000000000114e+02
4.259493670886076444e+01,1.811999999999999886e+02
4.259493670886076444e+01,1.576999999999999886e+02
4.259493670886076444e+01,2.198000000000000114e+02
4.259493670886076444e+01,1.743000000000000114e+02
4.259493670886076444e+01,1.964000000000000057e+02
4.259493670886076444e+01,2.665000000000000000e+02
4.259493670886076444e+01,1.976999999999999886e+02
4.259493670886076444e+01,1.926999999999999886e+02
4.259493670886076444e+01,1.704000000000000057e+02
4.259493670886076444e+01,2.125999999999999943e+02
4.259493670886076444e+01,2.099000000000000057e+02
4.259493670886076444e+01,1.654000000000000057e+02
4.259493670886076444e+01,1.583000000000000114e+02
4.259493670886076444e+01,1.791999999999999886e+02
4.259493670886076444e+01,2.066999999999999886e+02
4.259493670886076444e+01,2.090000000000000000e+02
4.259493670886076444e+01,1.800999999999999943e+02
4.259493670886076444e+01,1.636999999999999886e+02
4.259493670886076444e+01,1.833000000000000114e+02
4.316455696202531556e+01,1.710999999999999943e+02
4.316455696202531556e+01,2.384000000000000057e+02
4.316455696202531556e+01,2.465000000000000000e+02
4.316455696202531556e+01,1.766999999999999886e+02
4.316455696202531556e+01,1.529000000000000057e+02
4.316455696202531556e+01,2.573999999999999773e+02
4.316455696202531556e+01,1.930999999999999943e+02
4.316455696202531556e+01,3.013000000000000114e+02
4.316455696202531556e+01,1.749000000000000057e+02
4.316455696202531556e+01,2.280000000000000000e+02
4.316455696202531556e+01,1.779000000000000057e+02
4.316455696202531556e+01,2.598000000000000114e+02
4.316455696202531556e+01,1.611999999999999886e+02
4.316455696202531556e+01,2.098000000000000114e+02
4.316455696202531556e+01,1.953000000000000114e+02
4.316455696202531556e+01,2.195000000000000000e+02
4.316455696202531556e+01,1.730000000000000000e+02
4.316455696202531556e+01,1.580999999999999943e+02
4.316455696202531556e+01,1.868000000000000114e+02
4.316455696202531556e+01,1.710999999999999943e+02
4.373417721518987378e+01,2.128000000000000114e+02
4.373417721518987378e+01,1.680000000000000000e+02
4.373417721518987378e+01,2.221999999999999886e+02
4.373417721518987378e+01,1.766999999999999886e+02
4.373417721518987378e+01,2.351999999999999886e+02
4.373417721518987378e+01,2.299000000000000057e+02
4.373417721518987378e+01,1.596999999999999886e+02
4.373417721518987378e+01,2.045999999999999943e+02
4.373417721518987378e+01,1.614000000000000057e+02
4.373417721518987378e+01,1.685999999999999943e+02
4.373417721518987378e+01,1.680000000000000000e+02
4.373417721518987378e+01,1.585000000000000000e+02
4.373417721518987378e+01,1.675999999999999943e+02
4.373417721518987378e+01,2.213000000000000114e+02
4.373417721518987378e+01,2.350999999999999943e+02
4.373417721518987378e+01,1.723000000000000114e+02
4.373417721518987378e+01,1.714000000000000057e+02
4.373417721518987378e+01,1.676999999999999886e+02
4.373417721518987378e+01,1.806999999999999886e+02
4.373417721518987378e+01,2.269000000000000057e+02
4.430379746835443200e+01,1.751999999999999886e+02
4.430379746835443200e+01,1.571999999999999886e+02
4.430379746835443200e+01,1.541999999999999886e+02
4.430379746835443200e+01,1.528000000000000114e+02
4.430379746835443200e+01,2.001999999999999886e+02
4.430379746835443200e+01,1.873000000000000114e+02
4.430379746835443200e+01,1.771999999999999886e+02
4.430379746835443200e+01,1.809000000000000057e+02
4.430379746835443200e+01,2.354000000000000057e+02
4.430379746835443200e+01,1.745999999999999943e+02
4.430379746835443200e+01,1.826999999999999886e+02
4.430379746835443200e+01,2.001999999999999886e+02
4.430379746835443200e+01,1.620999999999999943e+02
4.430379746835443200e+01,1.595000000000000000e+02
4.430379746835443200e+01,1.560000000000000000e+02
4.430379746835443200e+01,1.665999999999999943e+02
4.430379746835443200e+01,1.680999999999999943e+02
4.430379746835443200e+01,2.425000000000000000e+02
4.430379746835443200e+01,1.701999999999999886e+02
4.430379746835443200e+01,1.801999999999999886e+02
4.487341772151899022e+01,1.735000000000000000e+02
4.487341772151899022e+01,1.504000000000000057e+02
4.487341772151899022e+01,1.619000000000000057e+02
4.487341772151899022e+01,2.241999999999999886e+02
4.487341772151899022e+01,1.785999999999999943e+02
4.487341772151899022e+01,1.815000000000000000e+02
4.487341772151899022e+01,1.925999999999999943e+02
4.487341772151899022e+01,2.128000000000000114e+02
4.487341772151899022e+01,1.963000000000000114e+02
4.487341772151899022e+01,1.510000000000000000e+02
4.487341772151899022e+01,2.548000000000000114e+02
4.487341772151899022e+01,1.826999999999999886e+02
4.487341772151899022e+01,2.060999999999999943e+02
4.487341772151899022e+01,2.070000000000000000e+02
4.487341772151899022e+01,1.845000000000000000e+02
4.487341772151899022e+01,1.735000000000000000e+02
4.487341772151899022e+01,1.965000000000000000e+02
4.487341772151899022e+01,2.134000000000000057e+02
4.487341772151899022e+01,1.785999999999999943e+02
4.487341772151899022e+01,2.230999999999999943e+02
4.544303797468354844e+01,2.254000000000000057e+02
4.544303797468354844e+01,1.720000000000000000e+02
4.544303797468354844e+01,1.615000000000000000e+02
4.544303797468354844e+01,1.655000000000000000e+02
4.544303797468354844e+01,2.048000000000000114e+02
4.544303797468354844e+01,1.631999999999999886e+02
4.544303797468354844e+01,1.585000000000000000e+02
4.544303797468354844e+01,1.850999999999999943e+02
4.544303797468354844e+01,1.594000000000000057e+02
4.544303797468354844e+01,1.788000000000000114e+02
4.544303797468354844e+01,1.868000000000000114e+02
4.544303797468354844e+01,2.293000000000000114e+02
4.544303797468354844e+01,1.613000000000000114e+02
4.544303797468354844e+01,1.821999999999999886e+02
4.544303797468354844e+01,1.694000000000000057e+02
4.544303797468354844e+01,1.770999999999999943e+02
4.544303797468354844e+01,2.480999999999999943e+02
4.544303797468354844e+01,2.766999999999999886e+02
4.544303797468354844e+01,1.823000000000000114e+02
4.544303797468354844e+01,1.589000000000000057e+02
4.601265822784810666e+01,1.708000000000000114e+02
4.601265822784810666e+01,1.890999999999999943e+02
4.601265822784810666e+01,1.795000000000000000e+02
4.601265822784810666e+01,1.931999999999999886e+02
4.601265822784810666e+01,1.690999999999999943e+02
4.601265822784810666e+01,1.875000000000000000e+02
4.601265822784810666e+01,1.621999999999999886e+02
4.601265822784810666e+01,3.323999999999999773e+02
4.601265822784810666e+01,2.223000000000000114e+02
4.601265822784810666e+01,2.748000000000000114e+02
4.601265822784810666e+01,1.654000000000000057e+02
4.601265822784810666e+01,1.815999999999999943e+02
4.601265822784810666e+01,1.710999999999999943e+02
4.601265822784810666e+01,2.628000000000000114e+02
4.601265822784810666e+01,1.651999999999999886e+02
4.601265822784810666e+01,1.860000000000000000e+02
4.601265822784810666e+01,1.806999999999999886e+02
4.601265822784810666e+01,1.640999999999999943e+02
4.601265822784810666e+01,2.120999999999999943e+02
4.601265822784810666e+01,1.965000000000000000e+02
4.658227848101265778e+01,2.075999999999999943e+02
4.658227848101265778e+01,1.924000000000000057e+02
4.658227848101265778e+01,1.610000000000000000e+02
4.658227848101265778e+01,1.718000000000000114e+02
4.658227848101265778e+01,1.739000000000000057e+02
4.658227848101265778e+01,1.700000000000000000e+02
4.658227848101265778e+01,2.685000000000000000e+02
4.658227848101265778e+01,1.594000000000000057e+02
4.658227848101265778e+01,2.686999999999999886e+02
4.658227848101265778e+01,1.624000000000000057e+02
4.658227848101265778e+01,2.685000000000000000e+02
4.658227848101265778e+01,1.770000000000000000e+02
4.658227848101265778e+01,1.526999999999999886e+02
4.658227848101265778e+01,1.744000000000000057e+02
4.658227848101265778e+01,1.660000000000000000e+02
4.658227848101265778e+01,1.915999999999999943e+02
4.658227848101265778e+01,2.015000000000000000e+02
4.658227848101265778e+01,1.800000000000000000e+02
4.658227848101265778e+01,2.808999999999999773e+02
4.658227848101265778e+01,3.326999999999999886e+02
4.715189873417721600e+01,2.273000000000000114e+02
4.715189873417721600e+01,2.296999999999999886e+02
4.715189873417721600e+01,1.620000000000000000e+02
4.715189873417721600e+01,1.633000000000000114e+02
4.715189873417721600e+01,1.653000000000000114e+02
4.715189873417721600e+01,1.791999999999999886e+02
4.715189873417721600e+01,2.833000000000000114e+02
4.715189873417721600e+01,2.125000000000000000e+02
4.715189873417721600e+01,1.644000000000000057e+02
4.715189873417721600e+01,1.741999999999999886e+02
4.715189873417721600e+01,1.595000000000000000e+02
4.715189873417721600e+01,1.986999999999999886e+02
4.715189873417721600e+01,2.133000000000000114e+02
4.715189873417721600e+01,2.170000000000000000e+02
4.715189873417721600e+01,1.880000000000000000e+02
4.715189873417721600e+01,1.469000000000000057e+02
4.715189873417721600e+01,2.315999999999999943e+02
4.715189873417721600e+01,1.530999999999999943e+02
4.715189873417721600e+01,1.719000000000000057e+02
4.715189873417721600e+01,1.915999999999999943e+02
4.772151898734177422e+01,1.599000000000000057e+02
4.772151898734177422e+01,1.516999999999999886e+02
4.772151898734177422e+01,2.061999999999999886e+02
4.772151898734177422e+01,1.876999999999999886e+02
4.772151898734177422e+01,1.739000000000000057e+02
4.772151898734177422e+01,2.049000000000000057e+02
4.772151898734177422e+01,1.595999999999999943e+02
4.772151898734177422e+01,1.866999999999999886e+02
4.772151898734177422e+01,1.593000000000000114e+02
4.772151898734177422e+01,1.670999999999999943e+02
4.772151898734177422e+01,1.591999999999999886e+02
4.772151898734177422e+01,1.526999999999999886e+02
4.772151898734177422e+01,1.526999999999999886e+02
4.772151898734177422e+01,1.914000000000000057e+02
4.772151898734177422e+01,2.200000000000000000e+02
4.772151898734177422e+01,3.376999999999999886e+02
4.772151898734177422e+01,1.930999999999999943e+02
4.772151898734177422e+01,1.703000000000000114e+02
4.772151898734177422e+01,1.694000000000000057e+02
4.772151898734177422e+01,1.540000000000000000e+02
4.829113924050633244e+01,1.851999999999999886e+02
4.829113924050633244e+01,2.875000000000000000e+02
4.829113924050633244e+01,1.853000000000000114e+02
4.829113924050633244e+01,1.846999999999999886e+02
4.829113924050633244e+01,1.791999999999999886e+02
4.829113924050633244e+01,1.700999999999999943e+02
4.829113924050633244e+01,2.405000000000000000e+02
4.829113924050633244e+01,2.223000000000000114e+02
4.829113924050633244e+01,1.515000000000000000e+02
4.829113924050633244e+01,1.605000000000000000e+02
4.829113924050633244e+01,1.823000000000000114e+02
4.829113924050633244e+01,1.976999999999999886e+02
4.829113924050633244e+01,1.705999999999999943e+02
4.829113924050633244e+01,3.088000000000000114e+02
4.829113924050633244e+01,1.793000000000000114e+02
4.829113924050633244e+01,1.723000000000000114e+02
4.829113924050633244e+01,1.868000000000000114e+02
4.829113924050633244e+01,1.630000000000000000e+02
4.829113924050633244e+01,1.900999999999999943e+02
4.829113924050633244e+01,1.728000000000000114e+02
4.886075949367089066e+01,1.728000000000000114e+02
4.886075949367089066e+01,3.875000000000000000e+02
4.886075949367089066e+01,2.190000000000000000e+02
4.886075949367089066e+01,1.990000000000000000e+02
4.886075949367089066e+01,1.611999999999999886e+02
4.886075949367089066e+01,2.275999999999999943e+02
4.886075949367089066e+01,1.725999999999999943e+02
4.886075949367089066e+01,1.886999999999999886e+02
4.886075949367089066e+01,1.640000000000000000e+02
4.886075949367089066e+01,1.583000000000000114e+02
4.886075949367089066e+01,1.733000000000000114e+02
4.886075949367089066e+01,1.620000000000000000e+02
4.886075949367089066e+01,1.830000000000000000e+02
4.886075949367089066e+01,1.710999999999999943e+02
4.886075949367089066e+01,1.760999999999999943e+02
4.886075949367089066e+01,2.010999999999999943e+02
4.886075949367089066e+01,1.765000000000000000e+02
4.886075949367089066e+01,2.171999999999999886e+02
4.886075949367089066e+01,1.669000000000000057e+02
4.886075949367089066e+01,1.666999999999999886e+02
4.943037974683544888e+01,2.761000000000000227e+02
4.943037974683544888e+01,2.110999999999999943e+02
4.943037974683544888e+01,2.550000000000000000e+02
4.943037974683544888e+01,1.890000000000000000e+02
4.943037974683544888e+01,1.700999999999999943e+02
4.943037974683544888e+01,2.061999999999999886e+02
4.943037974683544888e+01,1.578000000000000114e+02
4.943037974683544888e+01,1.539000000000000057e+02
4.943037974683544888e+01,1.654000000000000057e+02
4.943037974683544888e+01,1.999000000000000057e+02
4.943037974683544888e+01,1.686999999999999886e+02
4.943037974683544888e+01,1.706999999999999886e+02
4.943037974683544888e+01,1.694000000000000057e+02
4.943037974683544888e+01,2.445999999999999943e+02
4.943037974683544888e+01,2.184000000000000057e+02
4.943037974683544888e+01,1.750999999999999943e+02
4.943037974683544888e+01,1.573000000000000114e+02
4.943037974683544888e+01,2.405999999999999943e+02
4.943037974683544888e+01,2.498000000000000114e+02
4.943037974683544888e+01,1.941999999999999886e+02
5.000000000000000000e+01,1.745999999999999943e+02
5.000000000000000000e+01,1.583000000000000114e+02
5.000000000000000000e+01,1.774000000000000057e+02
5.000000000000000000e+01,2.110999999999999943e+02
5.000000000000000000e+01,1.895000000000000000e+02
5.000000000000000000e+01,1.586999999999999886e+02
5.000000000000000000e+01,1.743000000000000114e+02
5.000000000000000000e+01,2.350000000000000000e+02
5.000000000000000000e+01,1.810999999999999943e+02
5.000000000000000000e+01,1.963000000000000114e+02
5.000000000000000000e+01,1.718000000000000114e+02
5.000000000000000000e+01,2.336999999999999886e+02
5.000000000000000000e+01,1.691999999999999886e+02
5.000000000000000000e+01,1.930999999999999943e+02
5.000000000000000000e+01,2.070999999999999943e+02
5.000000000000000000e+01,2.133000000000000114e+02
5.000000000000000000e+01,1.843000000000000114e+02
5.000000000000000000e+01,2.044000000000000057e+02
5.000000000000000000e+01,2.305999999999999943e+02
5.000000000000000000e+01,1.820999999999999943e+02
